!
--00000-00000--
--0---000---0--
--0---0*0---0--
00000-0-0-00000
0-------------0
0---0-----0---0
00000-----00000
0---0-----0---0
0-------------0
000000-0-000000
----0--0--0----
----0--0--0----
----0--0--0----
----0000000----
player: 	7,6
door:   	5,3,2,0  9,3,2,0  4,4,1,3  10,4,3,1  4,8,1,1  10,8,3,3  6,9,0,2  8,9,0,2
key:    	5,5,3  5,7,3  9,5,1  9,7,1  2,4,2  12,4,2  8,12,0
chip:   	4,2  10,2  2,5  12,5  5,6  9,6  2,7  12,7  7,8  6,11  8,11
chipdoor:	7,3,2

!
--0000000---------
--0-----0---------
--0-----0---------
--0--0--0000000000
000--0---WW------0
0*---00--WW------0
000--0---WW------0
--0--0--0000000000
--0-----0---------
--0-----0---------
--0000000---------
player: 	14,5
dirt:		13,5  12,5
robot:  	6,4,0,0  7,5,0,0  6,6,0,0
chip:   	5,1  5,9  16,4  16,6
chipdoor:	2,5,1
