!               
0000000000000000000000
0111111111111111110000
0122210000000000010000
0122210000000000000000
0122000000000000010000
0100010000000000010000
0102210000000000010000
0111111111111111112000
9000000000000000000000
player:	0,8
rover:	2,6
shooter:9,6,0
shooter:10,6,0
shooter:11,6,0
shooter:12,6,0
shooter:13,6,0
shooter:14,6,0
shooter:15,6,0
shooter:16,4,3
shooter:16,5,3
shooter:21,6,3
laser:	7,6,0
mirror: 7,3,1
mirror: 20,1,2
mirror: 19,7,0
key:	18,6
door:	5,4,1

!
5555555555555560
4111111111111153
4100000000008110
4110110000008009
4100010000008111
4100010000000006
4111111111111116
4777777777777777
player:	15,3
rover:	3,5
robot:	11,4,0,1
crate:	7,5
crate:	9,5
key:	15,0
door:	3,3,0
            
!           
00000000000
00000000000
00333333300
00322022300
00323562300
00024062000
00324772300
00322222300
00333033300
09000000000
00000000000
player:	1,9
rover:	5,5
crate:	2,1
crate:	8,1
crate:	1,5
crate:	2,5
crate:	8,5
crate:	9,5
crate:	2,9
crate:	5,9
crate:	8,9

!
00000000000000000009
81111111111111111110
01000000000000001010
00000000000000000010
00000000000000000010
00000000000000000010
00000000000000000010
00000000000000000010
00000000000000000010
01000000000000000010
01100000000000001010
player:	19,0
rover:	19,10
door:	19,9,0
key:	17,10
laser:	1,4,1
laser:	15,6,3
laser:	4,8,1
mirror: 2,2,1
mirror: 15,2,2
mirror: 2,9,0
mirror: 15,9,3
ball:	9,3
crate: 4,10

!
000000003000
000000003000
001100003010
001000003222
000000003333
000000000000
000011110000
000000000000
000001000100
000001000100
009001011100
000000000000
player: 2,10
rover:  11,1
ball:   2,8
crate:  7,8
cart:   10,10
laser:  9,3,0

!
200000002200000002
202220000000022202
201111111111111102
201000000000000100
201000000000090100
201000000000000120
200000000000000820
201000000000000120
201000000000000100
201000000000000100
201111111111111102
202220000000022202
200000002200000002
player: 13,4
rover:  17,6
shooter:6,4,2
shooter:14,7,3
crate:  4,5
crate:  6,8
key:    6,7
door:   2,6,1
tank:   17,12,0,1
tank:   1,7,0,1



